attack_score:0.333333
privacy_score_1:1.000000
hit_1:0
blow_1:0
privacy_score_2:0.750000
hit_2:0
blow_2:3
privacy_score_3:0.666667
hit_3:0
blow_3:4
privacy_score_4:0.583333
hit_4:1
blow_4:3
privacy_score_5:1.000000
hit_5:0
blow_5:0
privacy_score_6:0.750000
hit_6:0
blow_6:3
privacy_score_7:0.666667
hit_7:1
blow_7:2
privacy_score_8:0.666667
hit_8:1
blow_8:2
privacy_score_9:0.750000
hit_9:0
blow_9:3
privacy_score_10:0.750000
hit_10:0
blow_10:3
privacy_score_11:0.666667
hit_11:0
blow_11:4
privacy_score_12:0.666667
hit_12:1
blow_12:2
privacy_score_13:0.666667
hit_13:1
blow_13:2
privacy_score_14:0.750000
hit_14:0
blow_14:3
privacy_score_15:0.000000
hit_15:6
blow_15:0
