rate:0.046293
cor:0.078155
OR:0.044507
pvalue:0.264144
score:0.891725
