rate:0.953707
cor:0.921845
OR:0.955493
pvalue:0.735856
